Model:  heisenberg
Total Iterations:  500000
Measurement Step:  10000
Inner Loop (Iterations within each Iterations):  2 * Total Lattice Points
				
Temperature:  0.0
Intial Values:
Ferromagnetic Moment, M:  0.263684067109
Anti-ferromagnetic Moment, Ms:  0.132786254211
Data values for current Temperature:
Ferromagnetic Moment, M:  [0.49999999153440855, 0.4999999930236195, 0.4999999976538303, 0.49999999842480813, 0.49999999991304256, 0.4999999999783921, 0.4999999999783921, 0.49999999977840254, 0.499999999922279, 0.499999999922279, 0.499999999813634, 0.49999999984381305, 0.49999999988455135, 0.4999999997613127, 0.4999999997341413, 0.4999999997341413, 0.4999999997341413, 0.4999999997276098, 0.49999999983745563, 0.49999999983745563, 0.4999999999160889, 0.49999999993274497, 0.4999999999221568, 0.49999999993787897, 0.49999999995682787, 0.4999999999939493, 0.4999999999939493, 0.499999999998812, 0.499999999998812, 0.4999999999791166, 0.4999999999796349, 0.49999999997963596, 0.49999999997963596, 0.49999999997963596, 0.49999999998224337, 0.49999999998894645, 0.49999999998901545, 0.49999999998901545, 0.49999999998901545, 0.49999999998901545, 0.49999999998901545, 0.49999999998901545, 0.499999999984972, 0.499999999984972, 0.4999999999850056, 0.4999999999850056, 0.4999999999850056, 0.49999999998784483, 0.49999999998784483]
Anti-ferromagnetic Moment, Ms:  [1.824723151788583e-05, 1.6609180398981062e-05, 1.0699878164574008e-05, 1.6129258702827824e-05, 2.812324554412245e-05, 2.2599497381966707e-05, 2.2599497381966707e-05, 1.871487773535608e-05, 1.2947806568095289e-05, 1.2947806568095289e-05, 1.3562720382057656e-05, 1.292579210240575e-05, 1.1425806831735278e-05, 9.434467339113808e-06, 8.81043585743892e-06, 8.81043585743892e-06, 8.81043585743892e-06, 8.469174445626176e-06, 4.815587430916277e-06, 4.815587430916277e-06, 8.517167696152834e-06, 9.161645001228977e-06, 8.76339102512427e-06, 7.756522822365335e-06, 5.9400027633079e-06, 3.3708398687280864e-06, 3.3708398687280864e-06, 4.30426690770455e-06, 4.30426690770455e-06, 2.552895194340998e-06, 1.8079637807954736e-06, 1.8074729350686665e-06, 1.8074729350686665e-06, 1.8074729350686665e-06, 2.078554471945273e-06, 1.1378118110792873e-06, 1.2730681668894154e-06, 1.2730681668894154e-06, 1.2730681668894154e-06, 1.2730681668894154e-06, 1.2730681668894154e-06, 1.2730681668894154e-06, 4.712521816387311e-07, 4.712521816387311e-07, 5.011882845290343e-07, 5.011882845290343e-07, 5.011882845290343e-07, 2.8287001893081223e-08, 2.8287001893081223e-08] 

				
Temperature:  0.05
Intial Values:
Ferromagnetic Moment, M:  0.352842558724
Anti-ferromagnetic Moment, Ms:  0.404463526668
Data values for current Temperature:
Ferromagnetic Moment, M:  [0.002948190320024989, 0.0036807493851228794, 0.0075566076636018956, 0.03667810424667153, 0.0033467192243150363, 0.007571919757157018, 0.020986798795618367, 0.040466603702050366, 0.01456815881152655, 0.060053717463938644, 0.0008426461251530374, 0.01744528783596949, 0.0012933234899278855, 0.028320255697152446, 0.001692414612931688, 0.001082743902486057, 0.015594568105399212, 0.02253192317231225, 0.012549378068277247, 0.01678992415729382, 0.015371820468204843, 0.02621093658336118, 0.0075049319785929, 0.0018193307655448056, 0.04376158327086533, 0.002232003368682923, 0.009800672182389378, 0.027544293035950275, 0.0018810833100269268, 0.04881195849360981, 0.004183858150295631, 0.02469416370977459, 0.013416452152960626, 0.006886846355701296, 0.05759721656287128, 0.030568792049660138, 0.03914679758427178, 0.009768754832834332, 0.03809384093644582, 0.014958652634161915, 0.00036638425555993246, 0.01657353171870531, 0.010099362878568203, 0.014956668669047515, 0.015808102881112143, 0.010379579393782373, 0.005328015650897939, 0.004523575658590251, 0.015723480243806987]
Anti-ferromagnetic Moment, Ms:  [0.038851920508015926, 0.011019931694460187, 0.03816600693658057, 0.0031689625198958104, 0.03154034525865785, 0.04315187208210199, 0.017925348631920385, 0.01728560299946458, 0.01070991218117284, 0.01506483099008351, 0.028864606601269348, 0.010972158394903292, 0.004145752545563636, 0.022273820855355477, 0.030465532491810082, 0.01698725130297089, 0.002241669052756557, 0.024952703540226915, 0.014910586802000473, 0.02967112786316385, 0.04557716589097975, 0.0036874049493168535, 0.017349327224272026, 0.013689435357631365, 0.012204990212614435, 0.0049710953986912484, 0.0006033017798053302, 0.00693661559193531, 0.020870915572665842, 0.023214692524530723, 0.018086839254575573, 0.023574410054670765, 0.0041168758438032815, 0.014491858727237078, 0.017567368664355893, 0.01832175882558162, 0.0021915338077270656, 0.010920196795338, 0.03161675237787602, 0.008232471432809082, 0.014786432968491156, 0.013900748813255656, 0.004654670092084865, 0.017059556610882716, 0.014299517954265761, 0.027644014191664554, 0.005490131239390046, 0.0043991243951428255, 0.015161130627504784] 

				
Temperature:  0.1
Intial Values:
Ferromagnetic Moment, M:  0.21440263017
Anti-ferromagnetic Moment, Ms:  0.0605958823802
Data values for current Temperature:
Ferromagnetic Moment, M:  [0.017948257275769944, 0.07242187238827998, 0.03719607019342569, 0.011514228138203441, 0.003870332850751371, 0.054533473206925615, 0.012016811461153272, 0.021569169652515537, 0.01731222261811879, 0.0032067092423880158, 0.02898338776576488, 0.021577178204910716, 0.028500707572232917, 0.023468460126841173, 0.016224472263317493, 0.03275226038370922, 0.027115594596881818, 0.03202297466529504, 0.01800438742501908, 0.0074872083767692915, 0.011752386488688414, 0.0066451913182913125, 0.013053184150422979, 0.06555905630623164, 0.018072725872387778, 0.03449990705646242, 0.002731560124015523, 0.002869861582657218, 0.03304548623278476, 0.007741042484048174, 0.015935797816410843, 0.02398127048379585, 0.03127908149267148, 0.02512742281422638, 0.002658215205030419, 0.008064079210037555, 0.044283209567186586, 0.0033698835448108763, 0.04071559093145723, 0.05030381574533437, 0.11110277201195089, 0.010096847109940892, 0.006414164805799125, 0.011039739231734692, 0.05192016675168635, 0.06884325471840769, 0.019438479636613555, 0.01697615750908979, 0.01991084587542033]
Anti-ferromagnetic Moment, Ms:  [0.4940538413045875, 0.4951225602335029, 0.49931605516829475, 0.4963191154462904, 0.4964501628236586, 0.49596061539892117, 0.4981916858296415, 0.49695341913686236, 0.4974970848744919, 0.4930555408507302, 0.4984873780568031, 0.4964054962475802, 0.49941016901796914, 0.497861381429603, 0.49973276874732603, 0.4996004129544283, 0.4949468737601968, 0.49126495511656304, 0.49596189354545306, 0.49521111299157045, 0.49790991545574237, 0.49601644369613856, 0.495244124884324, 0.4911609222711758, 0.497898899212999, 0.49598187511753394, 0.4963829558244999, 0.50015467997298, 0.4925950660174933, 0.5000011490145538, 0.49745821770572496, 0.4969112870027986, 0.49698793515164935, 0.49918913872012316, 0.49778961321987003, 0.49816501393575335, 0.49739945625903415, 0.49558692416019196, 0.5024027835799543, 0.4981693646469655, 0.5022651457885787, 0.496989111912383, 0.4960459181062162, 0.49618631023007115, 0.49439704470478835, 0.4947690066583964, 0.4956985044772849, 0.49483095681313904, 0.4991478928918691] 

				
Temperature:  0.15
Intial Values:
Ferromagnetic Moment, M:  0.0658549926956
Anti-ferromagnetic Moment, Ms:  0.0698324502451
Data values for current Temperature:
Ferromagnetic Moment, M:  [0.0187448268806041, 0.12821310924648294, 0.0332496239172902, 0.017402948336245252, 0.015851664644330386, 0.02723828346196848, 0.005723457222884809, 0.022991723883674802, 0.04637577296394115, 0.021038482901853697, 0.030750985512860436, 0.04248805906900655, 0.051517805391760214, 0.016232808495462124, 0.04537797609846376, 0.004981955479798453, 0.005383615809198773, 0.002415160342929143, 0.018040329840506936, 0.026969920030606984, 0.028873399420077325, 0.002064034858375464, 0.01689141079394612, 0.017792040543751112, 0.015248900790314475, 0.013887939996986945, 0.007014958787870897, 0.001562759698736184, 0.00382105248651476, 0.03151297644014196, 0.0064441373391834434, 0.02134871048363964, 0.03742894838690487, 0.04721333036558819, 0.007739785763414568, 0.011993397050477084, 0.09170221513860258, 0.03483100167925919, 0.03158127013584891, 0.028064657992835182, 0.01702368308980633, 0.031379656694669474, 0.0008280028138417115, 0.0695121108292174, 0.00840390535945501, 0.05784193071716775, 0.09873572657934579, 0.008500579905965979, 0.023190522476653597]
Anti-ferromagnetic Moment, Ms:  [0.4916451901537019, 0.48729428870375596, 0.493400863839082, 0.4930098286294306, 0.49518673608098407, 0.4922871080552621, 0.502748951757294, 0.49827871161097037, 0.4923787124793044, 0.49326185341675677, 0.5007689119201535, 0.4950269692887224, 0.49814777480465394, 0.4907759738440031, 0.49244432672264704, 0.4976953717398749, 0.5014366375288107, 0.4935520306924084, 0.4875829952503058, 0.4976173525241447, 0.4925727334775437, 0.4960386076583738, 0.4986517967190711, 0.49217220519782445, 0.4955861620976937, 0.49465000387700137, 0.49806632627551795, 0.4976603133513642, 0.495470581246255, 0.49659968197105414, 0.49956695600072937, 0.49582914871186123, 0.49774933797810444, 0.49641712194497356, 0.4891227354151722, 0.49252517651861044, 0.4924514948500187, 0.49399436365296223, 0.4974355497065082, 0.49388198043889997, 0.4988131937483326, 0.4967107048428652, 0.4984967833267692, 0.4968585062355613, 0.49118153929415803, 0.49812851378644823, 0.4982322379573202, 0.49846899320247456, 0.48536858363268715] 

				
Temperature:  0.2
Intial Values:
Ferromagnetic Moment, M:  0.28825459274
Anti-ferromagnetic Moment, Ms:  0.196289817794
Data values for current Temperature:
Ferromagnetic Moment, M:  [0.251361507294287, 0.2466362133973075, 0.24728850372827163, 0.24597454229707036, 0.25255829389858914, 0.24850119356871742, 0.24714353379207246, 0.2491825319742373, 0.2465954629069447, 0.24076286349989934, 0.23967769102075398, 0.2450906504585669, 0.24524601488902345, 0.26881485966948643, 0.24414698415787062, 0.2523603177509709, 0.24746138900064357, 0.2477664557449391, 0.2522224067092998, 0.2507003928236306, 0.2378661622866566, 0.24822788302024257, 0.24720143406419573, 0.24967428702697023, 0.2421696637689231, 0.24583378172228415, 0.2562351720351817, 0.24494888484932767, 0.2624026152545744, 0.2491475499477302, 0.2390310660594437, 0.25488596423776216, 0.24217246936364709, 0.2520210913187497, 0.2605149630757504, 0.27202043400356807, 0.24714092729023326, 0.2494171311682883, 0.24533453866473973, 0.25971752875672177, 0.2564455398404204, 0.2510495354438329, 0.24763625608946335, 0.24751536492863152, 0.23427010710459942, 0.24387214960230852, 0.25364156791185255, 0.24773854933663508, 0.24692376480749656]
Anti-ferromagnetic Moment, Ms:  [0.25119335373350093, 0.2535896574473026, 0.24853087300316562, 0.24917924989803292, 0.24649295338520863, 0.2571126899898125, 0.24751296114336493, 0.24485309691020898, 0.2571363247098338, 0.24455995452632892, 0.24698544863414146, 0.23776518365348331, 0.2784110723204336, 0.24283182915121762, 0.24078128424016723, 0.23232263331745898, 0.2469113743127949, 0.25346442877392755, 0.24653330074372393, 0.24388468047421877, 0.26071794960259065, 0.24613960441906851, 0.25090886960333103, 0.25161131616928506, 0.24913016525947462, 0.2434306356433396, 0.24270042653718568, 0.25098363370819016, 0.2495284665919635, 0.2661607220123972, 0.24994816176396473, 0.24831515365741658, 0.2519269061237667, 0.24967242133706058, 0.2553713077590931, 0.23719546329305674, 0.2440574541063955, 0.2486460309301054, 0.24526791097089137, 0.24942443214138302, 0.24538299083577012, 0.2428937499236163, 0.2517800482951869, 0.24866920462956923, 0.2573571209128776, 0.2528083629161951, 0.2610282070293394, 0.2508732631096917, 0.24949517657509673] 

				
Temperature:  0.25
Intial Values:
Ferromagnetic Moment, M:  0.219628547535
Anti-ferromagnetic Moment, Ms:  0.14434115535
Data values for current Temperature:
Ferromagnetic Moment, M:  [0.253391558604853, 0.23774352072515964, 0.24384799514645403, 0.24892776173452755, 0.25522810569504306, 0.24862171812569805, 0.23425209978553665, 0.23722308827246982, 0.24092438217646123, 0.2511384477093415, 0.24898217150540894, 0.25081460094218355, 0.24766715115855722, 0.24218485839090456, 0.2565543574454466, 0.2373299617661193, 0.24795840234642422, 0.25234477133126476, 0.25378500539446963, 0.26701003961737746, 0.24029758548840832, 0.24759906877805998, 0.24712689928469664, 0.2510933343603528, 0.24881709265437685, 0.273750374854741, 0.23941657320371343, 0.2554507477861591, 0.2548767129809841, 0.25339490770180384, 0.24021493323743556, 0.26702664612515586, 0.23543694872233104, 0.24247544814178698, 0.24652888802261028, 0.2475513637703961, 0.2457689630974941, 0.25251258581509806, 0.2562028438782977, 0.2634553226585978, 0.24958219008356033, 0.24748228982633708, 0.26265408739259655, 0.25172114789043315, 0.2839454972940969, 0.2541237897071765, 0.25427083244778625, 0.24632385731703085, 0.25411828929851626]
Anti-ferromagnetic Moment, Ms:  [0.2453186844154219, 0.24289522788648163, 0.267322660592387, 0.2352629178859718, 0.24635269371222998, 0.24543221565778583, 0.25870214281087284, 0.25098483275845307, 0.22768808732863405, 0.24762667141823178, 0.2505931610893484, 0.24572577610079413, 0.2526242263920507, 0.24417836767120735, 0.2482381282574507, 0.2764457024989943, 0.2459203876243105, 0.25209097363971505, 0.24383950354895564, 0.25578458858305164, 0.259322643778495, 0.2711153877023459, 0.24939710514072308, 0.2384463213452812, 0.2474265824062169, 0.21888364682377964, 0.2445745782881936, 0.2423384357743845, 0.2518205976466098, 0.26073300852731635, 0.24138059572108217, 0.2420640824344604, 0.26228383226376456, 0.24441404324462557, 0.25401473984960493, 0.24695516563027245, 0.23936283028641847, 0.2590075191398829, 0.2381639556881092, 0.252200799466562, 0.2465598010354925, 0.24393710849493971, 0.24717584547266455, 0.2546532162781057, 0.250111542761709, 0.24288693810062306, 0.24663751230525535, 0.2454998434850872, 0.2473908459957843] 

				
Temperature:  0.3
Intial Values:
Ferromagnetic Moment, M:  0.38555294766
Anti-ferromagnetic Moment, Ms:  0.0721393928317
Data values for current Temperature:
Ferromagnetic Moment, M:  [0.48577120064921553, 0.4717638754293165, 0.503649121961263, 0.4849118808303359, 0.48738132423018227, 0.49034591366267827, 0.5099216066374854, 0.49780043503385923, 0.49883154368534516, 0.49019775085330913, 0.4901433637069316, 0.47887600142194947, 0.49129455725369225, 0.5050909004323805, 0.4963928985259262, 0.4989239046505204, 0.47865869757727464, 0.4622962573208187, 0.4921914401482424, 0.4912279746049268, 0.49553565760901136, 0.5025114415456335, 0.5005134770257612, 0.49017719001369736, 0.48426133545729017, 0.49394237843980454, 0.4962390560946927, 0.49808560864350404, 0.48029757096888503, 0.49981420508345725, 0.4928994280047901, 0.49391909251014315, 0.4913864614025434, 0.49424563755964057, 0.4951363823950632, 0.4907695052033459, 0.49820109775306093, 0.5013254662664477, 0.48413646289161594, 0.48947554654564646, 0.4902383434508167, 0.5145924564817698, 0.48367017324857914, 0.48432055046054323, 0.49248330775002996, 0.4883522024690954, 0.4913014570559449, 0.48841157504761007, 0.494513432264209]
Anti-ferromagnetic Moment, Ms:  [0.08411388735285864, 0.028262401862875534, 0.05186227127077269, 0.015834692243179835, 0.013013403966995988, 0.036306396533634926, 0.10902096675731388, 0.05465820025885971, 0.011275723769739183, 0.0164383888290861, 0.00862046243808523, 0.07134169191935066, 0.16427696170607758, 0.014738468791102643, 0.03397982103062486, 0.05953226599389356, 0.011227197782686082, 0.09194340905875284, 0.09156677711198422, 0.01136786535505954, 0.044078491718159356, 0.12573312472214454, 0.022241396639034596, 0.009085535522635477, 0.013208091330573785, 0.06289285611615905, 0.008597987261353001, 0.04955716861390374, 0.026675690013004353, 0.04488061495767311, 0.005914893493342351, 0.025572636121246384, 0.00851608377805209, 0.03942454321418399, 0.013234373843916247, 0.033955683545518506, 0.0027800290792557884, 0.025500756802266378, 0.03283910131823047, 0.015088078206784648, 0.02403426318811871, 0.09139357928779199, 0.10401655119583934, 0.010185458408650046, 0.029055204096534313, 0.12553731404076893, 0.02024380276189242, 0.03601849131904821, 0.009677752522521184] 

				
Temperature:  0.35
Intial Values:
Ferromagnetic Moment, M:  0.237323383568
Anti-ferromagnetic Moment, Ms:  0.293647930713
Data values for current Temperature:
Ferromagnetic Moment, M:  [0.4852038957969542, 0.4834137160858389, 0.4894632884677827, 0.4871477477468398, 0.49205317275991356, 0.4776787272356857, 0.48307752816992305, 0.48610360676869807, 0.5045846256420755, 0.48142946678636284, 0.5016586325375834, 0.47764134054435237, 0.4612507312794019, 0.5020539330535104, 0.48638730281178627, 0.498901275468648, 0.4735619620523567, 0.49282069170534737, 0.4854043347179653, 0.5036447182147168, 0.4962618902904437, 0.4890672192401428, 0.48154045812055685, 0.4945382971729336, 0.4926419790995673, 0.49357712425026223, 0.4923669915920769, 0.4869176478460237, 0.4830040063275836, 0.4751698825009777, 0.4918980892423644, 0.47630488913248986, 0.48605991935371057, 0.4849907608175668, 0.49243474145363, 0.4868780094733423, 0.5067452204004064, 0.48172793495009486, 0.49064692410524735, 0.45234267044808, 0.4755126030267302, 0.5022071489168737, 0.4686664067970516, 0.501459783131798, 0.492133871015703, 0.49902096326757533, 0.4918526629092131, 0.4881640319048065, 0.4778061068135989]
Anti-ferromagnetic Moment, Ms:  [0.48608326389024065, 0.49046914660530505, 0.5029837069995978, 0.4919593832578597, 0.4873565522720498, 0.5073425890775469, 0.4593979357865014, 0.5107332054835135, 0.49079049794300916, 0.49481896767517064, 0.48962027575713285, 0.49447171447894467, 0.5036446060666818, 0.4887045259390403, 0.48802745037291223, 0.485703905126571, 0.493738187729752, 0.49786101977121955, 0.4867364382510545, 0.4880034696813524, 0.496787387628683, 0.48866716386891623, 0.4927433862407058, 0.47377312697502716, 0.4869906293350786, 0.47028718556236443, 0.47993512036787445, 0.5020374843603358, 0.5026690785674628, 0.47002610012117674, 0.4907978650226714, 0.4773110609291857, 0.48152378131424495, 0.48264708851906885, 0.4892440137320271, 0.49001017495273663, 0.46467020302568635, 0.48932320398461676, 0.4936478078444848, 0.4797089075223365, 0.4955352236262747, 0.47249505069559555, 0.48172112028465164, 0.48928426903765754, 0.4930235151489891, 0.4895277972859117, 0.4849022070093812, 0.49640019684024206, 0.4731343883973602] 

				
Temperature:  0.4
Intial Values:
Ferromagnetic Moment, M:  0.104307072918
Anti-ferromagnetic Moment, Ms:  0.565675590111
Data values for current Temperature:
Ferromagnetic Moment, M:  [0.11221171822640809, 0.07361584797499131, 0.13101770185497824, 0.04059491153908237, 0.004325967645054969, 0.03265441149351835, 0.05633157130796584, 0.06345019758946716, 0.01611922583441618, 0.1504922704614888, 0.09575285497723834, 0.04090402007123031, 0.04434796813078738, 0.014098169085978034, 0.07267936949686912, 0.031783095141938104, 0.04196454980617318, 0.02357287864517425, 0.0896029718423017, 0.032149858094133434, 0.014283263232476563, 0.00436601729259246, 0.04540229868222562, 0.096582817516637, 0.02045535385384688, 0.024804389412642586, 0.0171755889937075, 0.019749063756150535, 0.008283831086147678, 0.03333347530152039, 0.010718498219404736, 0.04674035833278403, 0.01111224282844577, 0.14916846617092613, 0.054404454017837896, 0.009391423165428627, 0.10122987451729178, 0.021457793230976043, 0.13969950251221136, 0.0986578444059278, 0.06327217826521689, 0.11894805799218973, 0.03803431698788671, 0.04528673121117652, 0.06566019226468872, 0.019003972689815005, 0.05240866249965549, 0.008566148153031054, 0.020785731873869496]
Anti-ferromagnetic Moment, Ms:  [0.4955030690163758, 0.485029947823865, 0.5001058586057046, 0.4884152404388631, 0.485447503264637, 0.4942333179393433, 0.4967767649218362, 0.48227858340949736, 0.486601368349518, 0.48781449593857473, 0.5013187678652826, 0.48419284418450265, 0.49086757425458594, 0.48617810411883733, 0.4875037124429417, 0.46260919235820613, 0.48122996125992706, 0.491703278155043, 0.4893744138251291, 0.4906939993848943, 0.49464147707074835, 0.4862248096936668, 0.49876006130682193, 0.48706005003260905, 0.4839927909891176, 0.49683963613172377, 0.4811780805482744, 0.4657233284926984, 0.4999884911523234, 0.4950894550475225, 0.4757922538995606, 0.4666834536743855, 0.4989198540235854, 0.48865649640980435, 0.48607562119308184, 0.48454256756143993, 0.4853807571523767, 0.4628150557543779, 0.45532273826216507, 0.4982071023308525, 0.5028867530768951, 0.4994058542059073, 0.49783510110408385, 0.4771567308238186, 0.5066933798631058, 0.48759774608631146, 0.47829143892253556, 0.4962969586922591, 0.4856917305153746] 

				
Temperature:  0.45
Intial Values:
Ferromagnetic Moment, M:  0.209885709881
Anti-ferromagnetic Moment, Ms:  0.381931381593
Data values for current Temperature:
Ferromagnetic Moment, M:  [0.07496508398281984, 0.06774146598968425, 0.08778579646589574, 0.10492071911826975, 0.015413102027972787, 0.07336775217868076, 0.023933784568877372, 0.08122771630905454, 0.08683117145359848, 0.038222867245945105, 0.079624290616923, 0.021448743037649463, 0.04944580058255186, 0.03545952940134579, 0.020141691823584287, 0.06245914529357731, 0.0461843003757857, 0.020870786316291738, 0.07691551602336079, 0.043882642390188145, 0.07052857530055041, 0.08792739941613864, 0.035652811566981135, 0.008190294889952035, 0.11715179790327249, 0.016902460274122885, 0.03452325904760723, 0.01629378085663459, 0.04196015462003125, 0.037009021607258906, 0.08555947437610519, 0.02887728105598557, 0.013252506139125028, 0.07169284774382842, 0.006394207622391631, 0.07266249488742685, 0.07878157028027823, 0.058013827554782765, 0.018574427499767298, 0.02850951145735911, 0.02248916919172327, 0.01467726983213469, 0.038257014750349955, 0.017662730576512426, 0.03088318858289377, 0.1618459830233689, 0.04357588181057044, 0.03854505757065637, 0.01863146905393054]
Anti-ferromagnetic Moment, Ms:  [0.4770080315140967, 0.4843675378120317, 0.5070703114839809, 0.49480430566152456, 0.478303851232947, 0.5013168756226478, 0.47428551627333215, 0.47882420324615055, 0.48327512883652846, 0.4993163279645323, 0.47736841284123865, 0.4909529516640834, 0.4739690247874912, 0.4769225374917274, 0.4998494765682883, 0.4763653807477134, 0.506719650919904, 0.4865673174218501, 0.5022808697861176, 0.4866678986561765, 0.48493478933490625, 0.48128034606387826, 0.4956154038285162, 0.4829268685905051, 0.4793624283224527, 0.48759835457953365, 0.4867199440910751, 0.47620005573525, 0.4931181519247506, 0.4747402656443527, 0.4763083719102024, 0.49675740040380956, 0.48417846323827507, 0.48007091296651516, 0.48157905518548394, 0.47616192612166, 0.4769288111830151, 0.46309734561383487, 0.47715480392027027, 0.5141522130785993, 0.4934791437081866, 0.49918580040495336, 0.47488592310218414, 0.48235953587078906, 0.4728209964085918, 0.5068362314667305, 0.45857942906683796, 0.4729530698686624, 0.4933215800005281] 

				
Temperature:  0.5
Intial Values:
Ferromagnetic Moment, M:  0.212177238508
Anti-ferromagnetic Moment, Ms:  0.198581519844
Data values for current Temperature:
Ferromagnetic Moment, M:  [0.018262173462454942, 0.025686121693579096, 0.05873376053452998, 0.05624117030464952, 0.04956449876154966, 0.028535809013542763, 0.10022517171691228, 0.013592916090855809, 0.033758063079566865, 0.054131461540422914, 0.07322793978351426, 0.04080888650345279, 0.1389821588483929, 0.12761882467248478, 0.03446819291489574, 0.0073520755021162084, 0.045505025853975624, 0.023705353227723578, 0.013492596331739624, 0.02749801294386622, 0.07131415435875575, 0.038908457656086554, 0.026007192672387065, 0.04603221492475512, 0.06895383325493043, 0.05024438072929242, 0.05974557377904283, 0.03289867318037997, 0.020762773085873334, 0.07843035810647313, 0.03842467033789638, 0.003084705322539967, 0.053917825592656, 0.0939869966521262, 0.034575437102348366, 0.041975843855866536, 0.18280893498989842, 0.05032746045572609, 0.07315600511465002, 0.03310604511758684, 0.03809725570997546, 0.10675214980509411, 0.04328568101183636, 0.049455582384216545, 0.08970157771895038, 0.05258626988215851, 0.08468828781638617, 0.011786594202260152, 0.033688658269935126]
Anti-ferromagnetic Moment, Ms:  [0.024984982724928655, 0.012985278103765862, 0.04214554367307363, 0.0247717478722096, 0.12110779019882117, 0.06489504251883392, 0.06233056104617901, 0.035767174948598636, 0.08400296640311512, 0.09652280409672792, 0.09975663663209798, 0.05221789385096058, 0.01193844362821726, 0.03763020053017723, 0.07529305715540778, 0.058212694943223224, 0.053579067094859864, 0.02248337886674771, 0.1110394922068319, 0.02262790262655322, 0.09707761836099078, 0.08514028083066259, 0.018578478026943162, 0.06650971554064004, 0.07891489105006741, 0.11899141477473024, 0.06880769146674728, 0.10643368833111931, 0.014046262026530263, 0.03308992184976765, 0.09736910856865585, 0.056474671973982385, 0.06778421661062316, 0.05566930065813754, 0.026802126805042917, 0.04380121000706807, 0.03719853027794422, 0.04623859823787037, 0.011293527282550704, 0.05741523718743731, 0.07329663758163994, 0.06377935295917994, 0.08160406394746805, 0.008117072890352756, 0.018521165818428637, 0.04874642137818363, 0.07987427985009987, 0.051672439174118595, 0.03623854627320072] 

				
Temperature:  0.55
Intial Values:
Ferromagnetic Moment, M:  0.182034960135
Anti-ferromagnetic Moment, Ms:  0.305097098985
Data values for current Temperature:
Ferromagnetic Moment, M:  [0.046325861557976335, 0.02434397051765405, 0.049620902984745065, 0.07501727253675798, 0.043877942094434436, 0.020115366225497082, 0.06953392195107756, 0.01851241303266437, 0.04055838340672796, 0.011057554700101759, 0.09374374543119461, 0.08248764771081206, 0.11502522935762557, 0.03298505844776519, 0.023732566634103086, 0.12167115069070895, 0.05259795089942861, 0.11354857023338018, 0.1796244951034055, 0.018124396072230837, 0.021724168459757654, 0.0825458155143128, 0.03669087286133729, 0.08986405455316034, 0.021302442269318187, 0.023455847105174378, 0.2301829961160342, 0.2588603430627447, 0.24854634242850196, 0.2671247674614633, 0.23737595469123288, 0.2631105980080784, 0.23793894715688552, 0.30385312668796993, 0.4831694620350074, 0.48786803915138227, 0.48821858724194184, 0.5090863725894724, 0.4955327052875729, 0.48416518092450617, 0.46696134285145346, 0.4734594952853695, 0.4637801712168278, 0.4814105773094639, 0.4908492678530128, 0.487370855952365, 0.4862994591538177, 0.061902223526163, 0.03397636197926986]
Anti-ferromagnetic Moment, Ms:  [0.016200422195913642, 0.053063911317146446, 0.016633166971162155, 0.06383913915751334, 0.06287144465099513, 0.03430251381214705, 0.027886326812334522, 0.05226897607833189, 0.06054268896108007, 0.09555034081270215, 0.04943985219241329, 0.057524355594718725, 0.004748600134709249, 0.07253803041722044, 0.04751114746489259, 0.025126537623648887, 0.10139902265537397, 0.025539270838140254, 0.0395102619683361, 0.11327775660327735, 0.11288198666860798, 0.16939544239463056, 0.09456013539550709, 0.03587802426963008, 0.057866263224851035, 0.07672862760688691, 0.2313503892340905, 0.2602772969192405, 0.24539007696924436, 0.2367469989538077, 0.2223120092670316, 0.23710814105147446, 0.2563912173163531, 0.19869614580703526, 0.054555776043552225, 0.028924306861175236, 0.02382460458102399, 0.09485448726926514, 0.042628612384330536, 0.07185481527334998, 0.08783222540349409, 0.03164448269663095, 0.0245745688987284, 0.0503820249587022, 0.1434347459577499, 0.14718173192113523, 0.142285621253557, 0.016429445325873922, 0.10216025623932715] 

				
Temperature:  0.6
Intial Values:
Ferromagnetic Moment, M:  0.28561322399
Anti-ferromagnetic Moment, Ms:  0.233192287915
Data values for current Temperature:
Ferromagnetic Moment, M:  [0.2184173541092088, 0.2643610296974502, 0.27005849447539165, 0.22872349277381404, 0.23630852317653703, 0.2977386306288581, 0.2785191218381795, 0.27158316612363914, 0.044672895480347384, 0.24786982291947368, 0.03272573393533799, 0.02177187839709118, 0.06903601874922558, 0.10505637431492319, 0.031409013529243156, 0.05670543097484191, 0.2645580432252895, 0.25738449098147304, 0.25649545664024204, 0.26782533067582576, 0.23534572649451257, 0.025440325944181816, 0.06622636970008966, 0.08767092254192482, 0.09307400550729589, 0.08810823269751476, 0.06594498780678186, 0.017966950720678825, 0.5025382759457357, 0.47048394638978297, 0.46253151729535824, 0.48037974002621353, 0.03936254736694358, 0.01299163246122224, 0.03214207170341526, 0.058169763503582016, 0.030273983168537376, 0.009049107895098083, 0.07200297361239288, 0.027748734291301858, 0.028887666985645676, 0.06969856465018308, 0.026953532003114938, 0.053397910720893574, 0.15578549607723216, 0.05088474991098411, 0.06517088175586443, 0.02630976873562984, 0.07516003116529357]
Anti-ferromagnetic Moment, Ms:  [0.25486049328380517, 0.25521684734005046, 0.27122397944078774, 0.26222706258465567, 0.261226549094385, 0.23751578921544012, 0.2565951242706749, 0.26606978777940765, 0.15427568184227886, 0.2509896074423446, 0.49590182656414233, 0.07009978692470892, 0.1595192905596998, 0.04000660041082038, 0.5177744213453549, 0.48628626742061626, 0.31832966085091746, 0.253710433454376, 0.2351390271943075, 0.23945124765672657, 0.24974916328525268, 0.47435866397947396, 0.5006498976119286, 0.47990235617840027, 0.48450581031001216, 0.4778803556423697, 0.4691855171730004, 0.4901941743301161, 0.4480025951619079, 0.4749927363078104, 0.49543161831274257, 0.48540854280617196, 0.07975082580511027, 0.041758748311592375, 0.01643911583418198, 0.12670347127329157, 0.18999997870819413, 0.030763087408380244, 0.02600055396478479, 0.14677999351115406, 0.04984599589926096, 0.021109393046640224, 0.02868898941043318, 0.07120963065025361, 0.08763740971207276, 0.06916962561446865, 0.0809961495645722, 0.07541026232893071, 0.04785186707818333] 

				
Temperature:  0.65
Intial Values:
Ferromagnetic Moment, M:  0.390218632904
Anti-ferromagnetic Moment, Ms:  0.24479153214
Data values for current Temperature:
Ferromagnetic Moment, M:  [0.14401893279501174, 0.45862478740077284, 0.4745379090991839, 0.01616114147539108, 0.09845228748400764, 0.10433133405291027, 0.03671616934056193, 0.018197712239377155, 0.02436574948900046, 0.03301901325694875, 0.0783130743888594, 0.24984198711448935, 0.21041811901699492, 0.485373898992737, 0.2431997986729024, 0.26052935080899875, 0.48526261001299137, 0.48153208067807635, 0.47649693440780727, 0.10405892560493202, 0.258040691978175, 0.11918381961805431, 0.03649121758420551, 0.06009123890515811, 0.057065643601748296, 0.06452580373900375, 0.126546771448507, 0.18073882851565415, 0.4396936516244476, 0.43551721455979453, 0.2415914254344797, 0.20335873676201272, 0.277143653747593, 0.24292655229699123, 0.28619147708484555, 0.05733258548099109, 0.2664397573416493, 0.4162018220405522, 0.06801279654553184, 0.2891068993162963, 0.029513656703085894, 0.24033527681907396, 0.21943673877051592, 0.4767106232949059, 0.20810078247656916, 0.04227504099919647, 0.12220965693218612, 0.08997751386756521, 0.06187281468067968]
Anti-ferromagnetic Moment, Ms:  [0.15191461971228648, 0.45442974798624963, 0.04868668289774198, 0.4824430387298949, 0.5094868145945929, 0.01735785290353743, 0.09740022492132676, 0.03376408225536518, 0.0404132244102273, 0.0010977423857350965, 0.13636796124609357, 0.2604511300037924, 0.2161706141562586, 0.1548594282929462, 0.24278583574507812, 0.2555498844612026, 0.08151872080520887, 0.040312888680868755, 0.041414311734793915, 0.07471742038872509, 0.25468520944917983, 0.012909943948651015, 0.09073291771299283, 0.13625723445529997, 0.004863000408017699, 0.057272366688094746, 0.021999921156233674, 0.07221778246297383, 0.10327711584080422, 0.12044099405782059, 0.251444437948951, 0.24080445831337535, 0.22972479571083684, 0.24273463135733161, 0.23461588547163317, 0.03878313144153816, 0.24163608803121756, 0.060579525929635544, 0.07559254900195658, 0.2264315510077179, 0.05994054460555739, 0.2411078377738388, 0.25110929407722166, 0.06335531152515063, 0.2264467996767652, 0.05005842203990912, 0.047806141401906366, 0.11877440985916139, 0.11582169143818544] 

				
Temperature:  0.7
Intial Values:
Ferromagnetic Moment, M:  0.213765557634
Anti-ferromagnetic Moment, Ms:  0.391132083926
Data values for current Temperature:
Ferromagnetic Moment, M:  [0.049561799424477374, 0.06804633296573417, 0.017846709174327697, 0.24268437455417022, 0.1124068656227161, 0.0483988684381786, 0.25245642998326717, 0.10964951149128602, 0.5013757375224615, 0.02225957169155084, 0.35348151131961925, 0.0305629636660351, 0.4606287157406229, 0.24437871919674753, 0.46926517587757705, 0.4558910016539835, 0.4834060562176915, 0.49067460210201874, 0.48501682968883975, 0.05950688576864392, 0.32208509530443535, 0.08938197086505763, 0.04572668076863863, 0.048438448110745096, 0.06576033320745016, 0.27577658212436157, 0.09913146594844492, 0.0031797144364137885, 0.12671428320955463, 0.09678146862901808, 0.15429608769566747, 0.1303382846269168, 0.03266420134431378, 0.08801562023181501, 0.47829355888797886, 0.2483741555421436, 0.07709394433797427, 0.45240913842179953, 0.044915704027124276, 0.045724220550754785, 0.03538802871408642, 0.23185258148154403, 0.08537600292560067, 0.06172378778050602, 0.23051978471755383, 0.4488446300441907, 0.01754092934895615, 0.05662366168881573, 0.25667721725245907]
Anti-ferromagnetic Moment, Ms:  [0.03754036782711562, 0.005379271641233371, 0.5014904077363068, 0.28458276238282315, 0.491902667843961, 0.49090254049812665, 0.2520468573221214, 0.09747685957409803, 0.16313174464282876, 0.030534684698411436, 0.2079942636536639, 0.12610535372985107, 0.44415211181635456, 0.25990018885229355, 0.03595809843522792, 0.4749738995485128, 0.4762984058914383, 0.02694569031746711, 0.48339581543968335, 0.05868996186593146, 0.2769111013808988, 0.018482243334915313, 0.48305458428598713, 0.033496116447034686, 0.016348490098523853, 0.23031320489055787, 0.4562189856489844, 0.014344252329867658, 0.08301482845288302, 0.14863145340180237, 0.042196809905023364, 0.09429420558603178, 0.48586398351190535, 0.4479534615663807, 0.14607224361565754, 0.22325542042333074, 0.052106521079171936, 0.06851336250557015, 0.05114060753469109, 0.12495777199409593, 0.0015246631570911603, 0.23642592019939052, 0.4856773323806663, 0.14047574769149124, 0.04921434850090616, 0.48358964080750444, 0.04036151823490358, 0.04104469490614154, 0.2716806833510086] 

				
Temperature:  0.75
Intial Values:
Ferromagnetic Moment, M:  0.172627637285
Anti-ferromagnetic Moment, Ms:  0.221386698076
Data values for current Temperature:
Ferromagnetic Moment, M:  [0.2799832735644738, 0.02277445917404556, 0.18767142006440563, 0.027951939056832683, 0.1743391288825482, 0.4351038727391405, 0.483860828814269, 0.15135696973038212, 0.07412206722639524, 0.11966146657138944, 0.4875620194629866, 0.2586368041337479, 0.45835988845343967, 0.019954994620848234, 0.209660619474316, 0.10641510369162739, 0.23158289166442128, 0.19334093981329992, 0.011519371063209712, 0.04453025442885382, 0.039204129282157614, 0.06434143953700912, 0.05929188394929823, 0.17013936708479246, 0.22943973033287032, 0.47117930148269255, 0.09802530524435643, 0.17259457549929805, 0.07317777942055921, 0.28617958836451274, 0.2723365751246163, 0.2887920255897534, 0.18415932601434487, 0.11476267591957634, 0.2522727940926871, 0.09550840165038538, 0.47114973897423773, 0.435583814399102, 0.2298608089436144, 0.45156818856420383, 0.49442110075889406, 0.018103879958012985, 0.44490406984892233, 0.4255436774941949, 0.24634972167068017, 0.2732503856175841, 0.24260339467870928, 0.027429590892711565, 0.18496717359748893]
Anti-ferromagnetic Moment, Ms:  [0.24000931701888567, 0.04401928756156234, 0.08156949179632123, 0.09870548923004502, 0.24434487423687942, 0.07215881416990313, 0.48128529045406604, 0.06349568310861683, 0.01182520295098039, 0.06044766722611203, 0.05813565974436184, 0.3179792596597191, 0.03751350708695999, 0.04661641363452238, 0.2802845475934551, 0.12401276965010956, 0.26212867020212555, 0.2804683621033041, 0.11549730858496308, 0.4504991629624709, 0.48823525392689027, 0.006542253180161211, 0.4845605255502086, 0.1995123139183202, 0.2530490479056044, 0.14508494268773367, 0.1324747361138882, 0.08455359712797217, 0.1719890754747817, 0.2460195566636476, 0.24254013385377754, 0.23503790137013714, 0.22541914080852798, 0.1532441067147888, 0.2120714554772327, 0.01653055761784443, 0.10797415829703903, 0.029021943518331098, 0.23147304727283577, 0.04402162878409988, 0.06370308211767803, 0.09282845548297783, 0.07992707255929427, 0.05723019665126562, 0.27608955586396916, 0.26565299761426037, 0.25390983071043993, 0.18179637258180653, 0.23896418483672605] 

				
Temperature:  0.8
Intial Values:
Ferromagnetic Moment, M:  0.137126367622
Anti-ferromagnetic Moment, Ms:  0.154544139428
Data values for current Temperature:
Ferromagnetic Moment, M:  [0.13174971101042787, 0.49888776223675296, 0.4846537849786735, 0.041947901763419476, 0.45105713492908495, 0.02688020737560771, 0.0727715633122595, 0.02368217197141554, 0.4483223813019217, 0.004003647635120577, 0.09553499909406689, 0.10211965598130904, 0.029043261050312998, 0.14846670367651052, 0.18009484869024445, 0.10521537416405412, 0.12375049258346674, 0.24369946276072177, 0.22389946224220122, 0.18379354952015933, 0.0795344762381429, 0.41033999321836795, 0.08179843883683247, 0.1039533875878158, 0.27871753292317714, 0.25782897867789506, 0.28369493837349563, 0.027720683266867177, 0.41345025199794705, 0.021846058707145483, 0.06258872972308169, 0.47501293097606323, 0.01739239939449931, 0.26565299494407274, 0.46440280810259615, 0.05016709017171284, 0.27344626055628823, 0.22534481357125202, 0.08695794944131818, 0.013828627336069604, 0.0937538140215252, 0.255363851775622, 0.05003787542290999, 0.17296437399723358, 0.05095271225981496, 0.460395227748461, 0.06878916741516071, 0.31369699673830087, 0.059013672094681086]
Anti-ferromagnetic Moment, Ms:  [0.0775736780450977, 0.4679542119446278, 0.08217074383206623, 0.10098214601416297, 0.47129608619894275, 0.06330261667206082, 0.049473329394345865, 0.04061247615595279, 0.4066114595128714, 0.04151408741602868, 0.48612125196528144, 0.03223299367814902, 0.4654127478538009, 0.09654893072916898, 0.13095021124031017, 0.08342956349748953, 0.42291568168925087, 0.2610651474617127, 0.4791919585742982, 0.23442706420012568, 0.13417129378839016, 0.05480812981927227, 0.06995967214873444, 0.4736708009284933, 0.21118255554252496, 0.2369432321608785, 0.47158739651964143, 0.11042096059248203, 0.0863720671180057, 0.008258750464647923, 0.13018104884228174, 0.45100712555638867, 0.10652296220844185, 0.24684142182499239, 0.1010412510356966, 0.032665687937597734, 0.24727706718196987, 0.21636478273836138, 0.43473168821181785, 0.07696268841475773, 0.022784266521355685, 0.2398734229850832, 0.4368490147245195, 0.16679159217229897, 0.444950865553402, 0.1115220417664401, 0.1851169798396223, 0.2521919296152169, 0.0415895986408954] 

				
Temperature:  0.85
Intial Values:
Ferromagnetic Moment, M:  0.579982827973
Anti-ferromagnetic Moment, Ms:  0.11234456102
Data values for current Temperature:
Ferromagnetic Moment, M:  [0.2394977776053066, 0.4986972363262632, 0.02655069237626381, 0.010275765783333952, 0.02720373706938534, 0.2633680115239039, 0.03901227634777715, 0.11593505501264624, 0.014325395352708508, 0.12186550855436638, 0.026112474696141558, 0.05725000152212166, 0.2604655966405979, 0.5052779842682313, 0.1582680243456144, 0.4272865770701715, 0.22861402746684542, 0.08359860502647082, 0.13039788832501512, 0.1501593074376689, 0.04965533643864688, 0.029766233321318926, 0.33518254149310783, 0.18209196466255226, 0.04121917068670508, 0.046616960263723556, 0.07783464545023, 0.012272721906294484, 0.17392300656204054, 0.4079630407856451, 0.08117474330535925, 0.10079678167240762, 0.4673629688002651, 0.04157803538441528, 0.1584749603999311, 0.09328186315534776, 0.07255566129078299, 0.08036531157817907, 0.11902882818022521, 0.3055937599158726, 0.036816573964559125, 0.06084390659396761, 0.25521127886332884, 0.009950684961663948, 0.14169109858321002, 0.2673153015246757, 0.2237550974148193, 0.012384809634005137, 0.00930078327197421]
Anti-ferromagnetic Moment, Ms:  [0.2280971718138049, 0.42454900872619983, 0.12558378396886644, 0.03323669332018137, 0.028976681350372187, 0.24248651538320498, 0.5068697117208606, 0.47471969129877645, 0.16981829303094984, 0.4745123339372964, 0.4869704577525059, 0.08605736302238873, 0.25290704907178185, 0.4523061856104597, 0.020864458006353715, 0.12055795668691648, 0.21792016922746638, 0.23057081079803066, 0.08446532300345111, 0.07801076600876182, 0.08051055411505732, 0.0882222970095093, 0.06738019087076091, 0.2702636707776535, 0.4490846616084917, 0.18965241058156643, 0.4623327716990357, 0.47167855607538867, 0.2514278824933834, 0.2522241760740485, 0.09198898267076443, 0.5251088988182608, 0.4773611927307222, 0.05053628240798442, 0.09777203600881486, 0.07829116388069175, 0.031997024851270005, 0.20571553762527195, 0.4958993497221749, 0.2080776166823669, 0.027568018609551742, 0.46937563792027454, 0.1228706506499545, 0.03350765816287418, 0.014990281337816163, 0.25745507021750286, 0.27353920570942664, 0.19372808392099447, 0.016385175582134787] 

				
Temperature:  0.9
Intial Values:
Ferromagnetic Moment, M:  0.102084279835
Anti-ferromagnetic Moment, Ms:  0.342715423794
Data values for current Temperature:
Ferromagnetic Moment, M:  [0.17183205161680504, 0.15487508891790291, 0.22062470239560847, 0.06468573354357669, 0.08942578684227677, 0.2752473415410073, 0.0667227290643985, 0.4759977744343166, 0.24569102153466127, 0.08443999808845637, 0.0973601793195838, 0.2494673090932511, 0.04170325139722052, 0.4768782553854056, 0.456850498172036, 0.44362258908178626, 0.3046539312262429, 0.20052807154337143, 0.35003534228841204, 0.23081394840476585, 0.0886652339983735, 0.05930099283961369, 0.34762585478385305, 0.021559006294523165, 0.25452952587563205, 0.30605183114040185, 0.0494548046374908, 0.3099685945344393, 0.15816722241863387, 0.028222040405530113, 0.2155760221436136, 0.029147753655788866, 0.45418610798216924, 0.01228902634916715, 0.07802260850907232, 0.24205565808668447, 0.49618070213743676, 0.09130460142519403, 0.17932466504711136, 0.14001064893830104, 0.4507677494065406, 0.07401930666794583, 0.4640548324588384, 0.4021625315072401, 0.10906349541225567, 0.2253028888744605, 0.2591382111936595, 0.10508558190397735, 0.42471209113796654]
Anti-ferromagnetic Moment, Ms:  [0.25939869698430634, 0.13528404207335926, 0.22236423910684003, 0.01793370322667167, 0.15401349601277353, 0.2522300598745748, 0.0692689630959211, 0.038685957761622806, 0.2344800982453703, 0.4993265240778271, 0.06359221302889954, 0.24289726859639038, 0.03457797013587846, 0.45709662302675624, 0.4439576913172609, 0.06281445986990024, 0.38889297936907413, 0.2246918758373915, 0.27562738400470055, 0.25942974905880084, 0.12044731836947735, 0.41409097266983236, 0.1097956060695311, 0.18389971462320673, 0.22173901686977424, 0.24468078541890942, 0.057661360122565314, 0.307513377502485, 0.020662072706244042, 0.1096854306234118, 0.25008995722880095, 0.020252069839262744, 0.23510910254496686, 0.08745386488654706, 0.4108780462208219, 0.2700300631704747, 0.04605149738057297, 0.05351030343608106, 0.09690214031074444, 0.19033595268086545, 0.11624616773539685, 0.036763042487794974, 0.4046200874358511, 0.05873886254957954, 0.5209587784451408, 0.3217353938272443, 0.20037030891625116, 0.04515656385794359, 0.15799952403706394] 

				
Temperature:  0.95
Intial Values:
Ferromagnetic Moment, M:  0.230567134735
Anti-ferromagnetic Moment, Ms:  0.476134653139
Data values for current Temperature:
Ferromagnetic Moment, M:  [0.20729568766165146, 0.16945644664163945, 0.2989830324839707, 0.06240143403726876, 0.4676808770150702, 0.2743421124000716, 0.08561893164638046, 0.01222183068397198, 0.26565090449954293, 0.1815314075556258, 0.08573017070806366, 0.014386224404672139, 0.2984281785216031, 0.24178453333353045, 0.04756531475118205, 0.027351874572824654, 0.1997700791948541, 0.2275314073699992, 0.4460239515704291, 0.2190148706460636, 0.2337373245730617, 0.3280051164991242, 0.21000949078398196, 0.13564042606369367, 0.031001372153112335, 0.09192317152060132, 0.19464167004452113, 0.2541137759023588, 0.08811503448280289, 0.4679018733817688, 0.14635930454500415, 0.4677729542525442, 0.052269620854224576, 0.29673651619783287, 0.08329539889574954, 0.33163706935386583, 0.04702411746526698, 0.24230988868450234, 0.4865654857187791, 0.34259327915017923, 0.24951447878915242, 0.2413237047650144, 0.495660922734444, 0.0058655109332060975, 0.12167194988948751, 0.013696563483224738, 0.14497378311632153, 0.175922555823143, 0.2426734002632002]
Anti-ferromagnetic Moment, Ms:  [0.21062689290788175, 0.14630529989620336, 0.10050011523003995, 0.10083413756452177, 0.14219636874061406, 0.17780389909535618, 0.07165312090746036, 0.08324070865183963, 0.24583841232394832, 0.06813180622757511, 0.43142086991703943, 0.4877035387973843, 0.313257542935392, 0.2727608420212162, 0.033302467910399626, 0.13556133950487576, 0.21840669044907016, 0.2487154733055898, 0.47113588967159675, 0.4701562106382621, 0.2723286805484203, 0.25069781367328114, 0.2734392366778963, 0.048329750697580935, 0.01469030528044322, 0.02703123492474078, 0.008393637871260483, 0.2512126261716688, 0.08424735624703567, 0.02390990622824083, 0.0645931378451883, 0.5008602992695128, 0.14661338485466974, 0.11897992863487618, 0.1296582129700791, 0.29849196674802264, 0.06593184939215348, 0.23963015621457773, 0.49559060326134236, 0.2951581539281343, 0.16065755233680626, 0.25222274920141163, 0.15119027475020702, 0.08586098467054246, 0.09363409570663371, 0.014028962817429057, 0.12516205383236528, 0.15710796785526074, 0.2349292663163706] 


-----------------------------------------------

Final Values for all Temperatures:
Ferromagnetic Moment, M:  [0.4999999995386229, 0.01702066784312667, 0.025411366826242208, 0.02762084808466247, 0.24907241207271047, 0.2503908004019129, 0.491967900984863, 0.4874575292131958, 0.0515643287282838, 0.049507497422322376, 0.052654975630006325, 0.20304348527187532, 0.14593715754538364, 0.2061241736428862, 0.18994176008825042, 0.22031691340036527, 0.18445349207747103, 0.1485340818942059, 0.2199470447685102, 0.2052188781636446]
Anti-ferromagnetic Moment, Ms:  [7.145476788680777e-06, 0.01689776082513212, 0.4968477179666675, 0.49516820249302906, 0.24941790829031898, 0.24840378520326814, 0.04161879198268442, 0.4881075791911469, 0.4875842402362243, 0.4852968006564635, 0.056403655691051297, 0.09220253523282336, 0.24503665334482022, 0.14760339222660987, 0.2080931867538748, 0.17531538578893072, 0.21013115675367255, 0.2243760298480077, 0.196937579115738, 0.1900843627678045]
